NAME	= filled_DEM
DESCRIPTION	= 
UNIT	= 
DATAFORMAT	= FLOAT
DATAFILE_OFFSET	= 0
BYTEORDER_BIG	= FALSE
TOPTOBOTTOM	= FALSE
POSITION_XMIN	= 321891.2484205921064131
POSITION_YMIN	= 3057875.1289633698761463
CELLCOUNT_X	= 1014
CELLCOUNT_Y	= 336
CELLSIZE	= 28.2249330019371421
Z_FACTOR	= 1.000000
Z_OFFSET	= 0.000000
NODATA_VALUE	= -99999.000000;-99999.000000
